8087539
9233521
8285187
7971427
8398542
8029482
8791210
8821186
8259640
8171831
8421790
7822529
8495955
8279071
8163481
8259011
7736835
8139539
8469504
8500860
9229787
9233563
7106921
7989946
6865682
8471622
8830649
9233512
8815585
8230901
8257833
7871643
9191364
9114696
8840989
8428930
9212451
8964327
8183031
8970661
8031304
8514631
9156011
6789587
8497036
7487959
7514981
8839131
7176783
7590547
8482985
8470634
9239863
8427071
8964858
8456542
8456054
7976470
8251592
8346178
8163111
9145770
8482616
8795568
8821917
7546823
8044368
7919905